"RA"	"PLOT"	"INV"	"???"	"ABBA"	"ABBU"	"ACPE"	"ACRU"	"ACSA"	"ALIN"	"ALNI"	"BEAL"	"BEPA"	"COCO"	"FAGR"	"FRAM"	"FRNI"	"HAVI"	"OSVI"	"PIGL"	"PIRU"	"PIST"	"POTR"	"QURU"	"THOC"	"TSCA"
1.00	"F2"	4.00												2.674015e-04						3.932375e-04					
1.00	"F3"	4.00					1.0538765e-03																		
1.00	"G2"	4.00		6.92098e-03			0.01														2.674015e-04	0.01			
1.00	"G2"	4.00																				4.246965e-04			
1.00	"G2"	4.00					2.6897445e-03															3.1459e-04			
1.00	"G4"	4.00						9.909585e-04										1.1482535e-03							
1.00	"G4"	4.00						9.280405e-04																	
1.00	"G4"	4.00																1.101065e-03							
1.00	"G5"	4.00																1.0224175e-03							1.0853355e-03
1.00	"H2"	4.00		0.02																					3.4762195e-03
1.00	"H3"	4.00		6.5592015e-03			6.763685e-04							9.75229e-04						5.819915e-04					2.7526625e-03
1.00	"H3"	4.00																							1.069606e-03
1.00	"H4"	4.00					1.3999255e-03				1.0538765e-03														7.86475e-04
1.00	"H4"	4.00																							1.163983e-03
1.00	"H7"	4.00		3.1616295e-03			1.950458e-03																		2.674015e-03
1.00	"H7"	4.00																							6.92098e-04
1.00	"H7"	4.00																							9.280405e-04
1.00	"I2"	4.00		2.83131e-04			3.303195e-04	1.3370075e-03						3.1459e-04											7.55016e-04
1.00	"I2"	4.00						8.336635e-04																	
1.00	"I3"	4.00					0.01				5.505325e-04														
1.00	"I3"	4.00					4.246965e-04																		
1.00	"I3"	4.00					9.4377e-04																		
1.00	"I5"	4.00						1.3999255e-03																	1.3370075e-03
1.00	"I5"	4.00																							2.20213e-03
1.00	"I6"	4.00																							4.750309e-03
1.00	"I6"	4.00																							2.139212e-03
1.00	"I7"	4.00																							1.0853355e-03
1.00	"I7"	4.00																							7.86475e-04
1.00	"J2"	4.00		0.01		2.51672e-04	0.01					5.505325e-04									5.9929395e-03				3.7908095e-03
1.00	"J3"	4.00																							1.1797125e-03
1.00	"J3"	4.00																							7.55016e-04
1.00	"J4"	4.00																							8.17934e-04
1.00	"J5"	4.00					4.813227e-03				2.674015e-04										4.08967e-04		5.819915e-04		
1.00	"J6"	4.00																							2.5009905e-03
1.00	"J6"	4.00																							1.2740895e-03
2.00	"C2"	4.00		9.280405e-04			8.49393e-04																		6.071587e-03
2.00	"C3"	4.00																							6.3075295e-03
2.00	"C3"	4.00																							1.4943025e-03
2.00	"C4"	4.00		1.478573e-03																					7.5973485e-03
2.00	"C4"	4.00																							6.2918e-04
2.00	"D2"	4.00																3.5076785e-03							1.4313845e-03
2.00	"D3"	4.00																1.163983e-03							1.918999e-03
2.00	"D3"	4.00																1.447114e-03							
2.00	"D3"	4.00																							1.132524e-03
2.00	"D5"	4.00																							2.1549415e-03
2.00	"D5"	4.00										1.1797125e-03													
2.00	"E2"	4.00						9.75229e-04						7.707455e-04						4.08967e-04					6.4962835e-03
2.00	"E2"	4.00					1.1797125e-03																		
2.00	"E4"	4.00					1.4313845e-03																		2.9099575e-03
2.00	"E4"	4.00																							5.819915e-04
2.00	"F2"	4.00					5.0177105e-03	9.280405e-04						1.2111715e-03											3.617785e-04
2.00	"F2"	4.00					1.101065e-03											7.55016e-04							
2.00	"F3"	4.00		0.01			1.1167945e-03							5.1750055e-03											7.1254635e-03
2.00	"F3"	4.00		8.49393e-04																					
2.00	"F4"	4.00		0.03			6.889521e-03	1.1167945e-03				8.17934e-04													2.548179e-03
2.00	"G2"	4.00		1.541491e-03				2.107753e-03																	3.3503835e-03
2.00	"G2"	4.00						7.86475e-04																	
2.00	"G3"	4.00		2.988605e-04			6.2918e-04							1.510032e-03											
2.00	"H3"	4.00		3.46049e-04																					
2.00	"H4"	4.00		6.1187755e-03				1.195442e-03						5.0806285e-03											1.667327e-03
2.00	"H4"	4.00												1.698786e-03											
2.00	"I4"	4.00					1.25836e-03											3.8222685e-03							
2.00	"I4"	4.00																6.2918e-04							
2.00	"J4"	4.00																1.5886795e-03							1.3055485e-03
2.00	"J4"	4.00		7.23557e-04				9.594995e-04																	
2.00	"J4"	4.00																							3.932375e-04
2.00	"K2"	4.00		4.7031205e-03			2.6582855e-03							1.163983e-03											3.303195e-04
2.00	"K3"	4.00		0.02																4.246965e-04	7.23557e-04				4.876145e-03
3.00	"A2"	4.00					1.132524e-03																		
3.00	"A3"	4.00		3.6649735e-03			1.352737e-03							3.1459e-04											3.429031e-03
3.00	"A4"	4.00		4.71885e-04			2.799851e-03																		5.442407e-03
3.00	"B3"	4.00		0.01																					3.6020555e-03
3.00	"B3"	4.00																		3.1459e-04					
3.00	"B4"	4.00		5.4895955e-03														1.006688e-03							0.01
3.00	"C2"	4.00		4.8604155e-03																					7.392865e-04
3.00	"C3"	4.00		7.109734e-03										1.25836e-03											6.543472e-03
3.00	"C3"	4.00		4.08967e-04																					
3.00	"D3"	4.00		0.01																					2.674015e-04
3.00	"D3"	4.00		8.80852e-04																					
3.00	"E2"	4.00		5.756997e-03											1.0853355e-03										3.4133015e-03
3.00	"E3"	4.00		0.01																					0.01
3.00	"E4"	4.00		5.819915e-03				1.0853355e-03																	4.3885305e-03
3.00	"F3"	4.00		8.305176e-03														2.988605e-04			2.51672e-04				0.01
3.00	"F3"	4.00		5.190735e-04																					
3.00	"F4"	4.00																							9.909585e-04
3.00	"H2"	4.00		9.75229e-04																					
3.00	"H2"	4.00		6.2918e-04																					
3.00	"J3"	4.00		2.6268265e-03																				1.478573e-03	
3.00	"J3"	4.00		5.190735e-04																				1.2740895e-03	
3.00	"J4"	4.00		1.25836e-03																					
4.00	"A10"	4.00		0.02																1.2111715e-03					3.932375e-04
4.00	"A2"	4.00																							8.17934e-04
4.00	"A4"	4.00		6.5592015e-03																					3.240277e-03
4.00	"A5"	4.00		2.1549415e-03			1.3684665e-03																		
4.00	"A7"	4.00		0.01																3.932375e-04					
4.00	"A7"	4.00		6.134505e-04																2.988605e-04					
4.00	"A7"	4.00		2.3436955e-03																					
4.00	"A8"	4.00		0.01																					
4.00	"A9"	4.00		0.02																					
4.00	"B10"	4.00		3.5076785e-03			1.3684665e-03				1.1482535e-03														
4.00	"B2"	4.00		2.7841215e-03																					1.101065e-03
4.00	"B2"	4.00		4.876145e-04																					
4.00	"B3"	4.00		0.01																					
4.00	"B3"	4.00		9.4377e-04																					
4.00	"B5"	4.00					1.195442e-03																		6.0243985e-03
4.00	"B6"	4.00		4.3256125e-03				2.5009905e-03																	1.069606e-03
4.00	"B6"	4.00		8.022045e-04																					
4.00	"B6"	4.00		1.2426305e-03																					
4.00	"B6"	4.00		4.246965e-04																					
4.00	"B8"	4.00		7.801832e-03			7.23557e-04																		1.57295e-03
4.00	"B8"	4.00		5.505325e-04																					
4.00	"C4"	4.00		2.674015e-04																					6.449095e-04
4.00	"C7"	4.00		9.8309375e-03														5.66262e-04			9.500618e-03				4.844686e-03
4.00	"C7"	4.00									2.674015e-04														
4.00	"C8"	4.00		0.01																	8.17934e-04				
4.00	"D2"	4.00		1.8088925e-03																					9.909585e-04
4.00	"D4"	4.00		5.6783495e-03																					1.1167945e-03
4.00	"D6"	4.00		3.2245475e-03																					4.0739405e-03
5.00	"A3"	4.00																							2.4380725e-03
5.00	"A7"	4.00		0.02																					
5.00	"A7"	4.00		5.66262e-04																					
5.00	"B2"	4.00																							1.1167945e-03
5.00	"B3"	4.00																							1.4628435e-03
5.00	"B4"	4.00																							1.163983e-03
5.00	"B6"	4.00		8.17934e-04																					
5.00	"B7"	4.00		0.01																					
5.00	"B7"	4.00					1.1482535e-03																		
5.00	"C2"	4.00					5.064899e-03								2.359425e-04										
5.00	"C6"	4.00		5.6154315e-03			3.9166455e-03																		
5.00	"C6"	4.00		2.485261e-03																					
5.00	"C8"	4.00		0.02			0.01														2.9728755e-03				4.561555e-04
5.00	"C8"	4.00		7.392865e-04																					
5.00	"C8"	4.00		3.1459e-04																					
5.00	"C8"	4.00					2.83131e-04																		
5.00	"D3"	4.00																							3.649244e-03
5.00	"D4"	4.00																							1.2740895e-03
5.00	"D7"	4.00																							1.195442e-03
5.00	"D7"	4.00																							1.3055485e-03
5.00	"D7"	4.00																						1.4628435e-03	2.5639085e-03
5.00	"D8"	4.00		0.01																1.55816427e-03					
5.00	"D8"	4.00		9.75229e-04																					
5.00	"E2"	4.00																							1.415655e-03
5.00	"E3"	4.00					8.336635e-04																		6.763685e-04
5.00	"E3"	4.00																							5.819915e-04
5.00	"E5"	4.00		1.321278e-03																					
5.00	"E5"	4.00		2.768392e-03																					
5.00	"E6"	4.00		1.1797125e-03																					
5.00	"E8"	4.00		0.02											1.3999255e-03										
6.00	"A3"	4.00		0.03																	9.7680195e-03				3.1459e-03
6.00	"A5"	4.00		0.03																2.51672e-04					
6.00	"A5"	4.00		8.651225e-04																					
6.00	"A6"	4.00		5.1750055e-03																					
6.00	"A6"	4.00		1.541491e-03								1.3370075e-03													
6.00	"B2"	4.00		0.01																6.763685e-04	1.47070825e-03				
6.00	"B2"	4.00		1.447114e-03																					
6.00	"B2"	4.00																			6.92098e-04				
6.00	"B3"	4.00		0.01																					
6.00	"B3"	4.00		1.0853355e-03																					
6.00	"B6"	4.00		7.738914e-03																	2.51672e-04				
6.00	"B6"	4.00		1.0224175e-03																					
6.00	"B6"	4.00		3.1459e-04																					
6.00	"B7"	4.00		2.422343e-03			5.568243e-03																		
6.00	"C2"	4.00		0.02			6.6850375e-03															5.190735e-04			3.3503835e-03
6.00	"C2"	4.00					3.303195e-04																		
6.00	"C3"	4.00		8.42755151e-03																1.3684665e-03	7.55016e-04				1.195442e-03
6.00	"C5"	4.00		0.01			2.6582855e-03																		
6.00	"C6"	4.00					7.86475e-04																		
6.00	"C7"	4.00					6.637849e-03																		
6.00	"D2"	4.00		2.579638e-03																					1.6830565e-03
6.00	"D3"	4.00		8.745602e-03																					
6.00	"D3"	4.00		1.3684665e-03																					
6.00	"D4"	4.00		2.20213e-03																					2.674015e-04
6.00	"D5"	4.00					2.7526625e-03																		
6.00	"D7"	4.00					8.022045e-04																		
6.00	"E3"	4.00		6.543472e-03			5.599702e-03													5.66262e-04					1.0224175e-03
6.00	"E3"	4.00		2.51672e-04																					
6.00	"E5"	4.00		5.66262e-04																					
6.00	"E6"	4.00		8.0377745e-03																					
7.00	"B2"	4.00																							9.909585e-04
7.00	"B2"	4.00																							1.1482535e-03
7.00	"B3"	4.00		2.9414165e-03																3.837998e-03					3.9795635e-03
7.00	"B3"	4.00																							1.761704e-03
7.00	"B5"	4.00		2.265048e-03																					5.190735e-04
7.00	"B6"	4.00		5.410948e-03																					6.165964e-03
7.00	"B7"	4.00		0.01			1.635868e-03														2.548179e-03				
7.00	"B7"	4.00					2.51672e-04																		
7.00	"C3"	4.00		5.66262e-04																					5.190735e-04
7.00	"C3"	4.00																							5.66262e-04
7.00	"C4"	4.00		1.038147e-03			1.2111715e-03													4.246965e-04					7.078275e-04
7.00	"C4"	4.00		7.55016e-04																					
7.00	"D5"	4.00		8.965815e-04	6.134505e-04		1.226901e-03													2.4695315e-03					
7.00	"D5"	4.00			4.876145e-04																				
7.00	"D5"	4.00		4.71885e-04																					
7.00	"D7"	4.00		0.01			1.132524e-03		1.2740895e-03										2.83131e-04		1.0224175e-03	3.649244e-03			
7.00	"E3"	4.00					1.2111715e-03																		6.60639e-03
7.00	"E3"	4.00																							1.3055485e-03
7.00	"E3"	4.00																							1.9976465e-03
7.00	"E5"	4.00		2.862769e-03			6.2918e-04														2.51672e-04				
7.00	"E5"	4.00		1.4628435e-03																1.3684665e-03					
7.00	"E5"	4.00		7.86475e-04																					
7.00	"F2"	4.00		7.707455e-04																					
7.00	"F2"	4.00					1.101065e-03																		
7.00	"F3"	4.00																							9.909585e-04
7.00	"F3"	4.00																							6.92098e-04
7.00	"F3"	4.00					1.226901e-03																		3.9166455e-03
7.00	"F4"	4.00		5.285112e-03			6.512013e-03																		
7.00	"F6"	4.00		0.02												5.34803e-04									4.561555e-04
7.00	"F6"	4.00		9.75229e-04																					
7.00	"F6"	4.00		2.359425e-04																					
7.00	"F6"	4.00		1.415655e-03						5.03344e-04															
8.00	"B1"	4.00		9.7994785e-03																					
8.00	"B1"	4.00		5.1120875e-03																					
8.00	"B2"	4.00		0.01									7.392865e-04												0.01
8.00	"B2"	4.00		8.17934e-04																					1.7145155e-03
8.00	"B3"	4.00		6.3201131e-03														2.359425e-04							
8.00	"B3"	4.00		5.190735e-04																					
8.00	"B4"	4.00	3.617785e-04	3.1301705e-03																					1.9032695e-03
8.00	"B4"	4.00		3.617785e-04																					7.078275e-04
8.00	"B5"	4.00		8.2894465e-03																					5.316571e-03
8.00	"B5"	4.00																		1.4628435e-03					
8.00	"B5"	4.00		3.932375e-04																					
8.00	"B6"	4.00		0.01																					2.83131e-04
8.00	"B6"	4.00																							4.561555e-04
8.00	"B7"	4.00		5.505325e-04																					1.635868e-03
8.00	"B7"	4.00																							1.3684665e-03
8.00	"C1"	4.00		7.86475e-03																					3.1459e-03
8.00	"C1"	4.00		1.1797125e-03																				1.3370075e-03	
8.00	"C2"	4.00		7.896209e-03																					1.57295e-03
8.00	"C2"	4.00		1.1482535e-03																					
8.00	"C2"	4.00					1.321278e-03																		
8.00	"C3"	4.00		2.7526625e-03																					
8.00	"C5"	4.00		4.1683175e-03					1.2426305e-03																5.410948e-03
8.00	"C5"	4.00																	6.92098e-04						
8.00	"C5"	4.00																						2.359425e-03	
8.00	"C6"	4.00																							8.17934e-04
8.00	"D5"	4.00																							5.97721e-04
8.00	"E4"	4.00		4.08967e-04																					1.0224175e-03
8.00	"E6"	4.00		3.208818e-03																					3.46049e-04
8.00	"E6"	4.00		2.51672e-04																					
8.00	"F5"	4.00		8.6984135e-03														1.101065e-03							9.626454e-03
8.00	"F5"	4.00						1.226901e-03																	1.069606e-03
8.00	"G5"	4.00		0.01				3.271736e-03			7.392865e-04				1.384196e-03										6.449095e-04
8.00	"G5"	4.00		2.83131e-04																					
8.00	"G6"	4.00		5.0177105e-03				1.038147e-03										1.981917e-03							
8.00	"G6"	4.00		1.8718105e-03																					
9.00	"A7"	4.00		2.170671e-03			4.6402025e-03																		5.190735e-04
9.00	"A8"	4.00																							1.50216725e-03
9.00	"B4"	4.00		0.03																2.3940299e-03	3.11915985e-03		3.77508e-04		7.86475e-04
9.00	"B5"	4.00		0.02																					
9.00	"B5"	4.00		4.08967e-04																					
9.00	"B7"	4.00		2.38301925e-03			2.107753e-03													3.6964325e-04					2.5324495e-03
9.00	"B8"	4.00		7.96699175e-03			6.008669e-03																		1.10892975e-03
9.00	"C4"	4.00		0.03																6.60639e-04		1.038147e-03			1.824622e-03
9.00	"C4"	4.00		1.384196e-03																					
9.00	"C4"	4.00		1.321278e-03																					4.876145e-04
9.00	"C5"	4.00		1.2111715e-03																					
9.00	"C6"	4.00		8.588307e-03			0.01																		
9.00	"C6"	4.00					6.449095e-04																		
9.00	"C7"	4.00		0.01																					1.163983e-03
9.00	"C7"	4.00		2.83131e-04																					
9.00	"C7"	4.00		4.08967e-04																					
9.00	"C7"	4.00		5.819915e-04																					
9.00	"C8"	4.00		9.75229e-03			6.0558575e-03							2.0291055e-03						2.674015e-04					9.12311e-04
9.00	"C8"	4.00												3.46049e-04											
9.00	"D4"	4.00		4.1683175e-03																					
9.00	"D5"	4.00		0.01			9.186028e-03																		1.069606e-03
9.00	"D5"	4.00		1.0538765e-03																					
9.00	"D6"	4.00		0.01			8.651225e-04										4.876145e-04								
9.00	"D8"	4.00		0.01																1.25836e-03					3.429031e-03
9.00	"E4"	4.00		7.6917255e-03																					
9.00	"Z4"	4.00		0.01																					
9.00	"Z4"	4.00		2.83131e-04																					
9.00	"Z5"	4.00		0.01			1.6201385e-03																		
9.00	"Z6"	4.00		0.01			1.384196e-03																		
9.00	"Z6"	4.00		2.7526625e-03																					
9.00	"Z6"	4.00		4.71885e-04																					
9.00	"Z8"	4.00		2.0605645e-03			3.4133015e-03																		8.431012e-03
