"RA"	"PLOT"	"X-COOR"	"Y-COOR"
1.00	"F2"	531090.41	4964012.04
1.00	"F3"	531109.31	4963965.20
1.00	"G2"	531128.16	4964035.78
1.00	"G4"	531178.55	4963948.38
1.00	"G5"	531205.93	4963906.78
1.00	"H2"	531161.24	4964084.83
1.00	"H3"	531188.33	4964036.21
1.00	"H4"	531211.09	4963987.84
1.00	"H7"	531284.65	4963862.14
1.00	"I2"	531214.89	4964095.77
1.00	"I3"	531238.63	4964045.10
1.00	"I5"	531287.35	4963966.12
1.00	"I6"	531312.19	4963922.20
1.00	"I7"	531338.19	4963876.98
1.00	"J2"	531252.92	4964121.39
1.00	"J3"	531275.55	4964082.99
1.00	"J4"	531305.99	4964036.24
1.00	"J5"	531328.83	4963994.89
1.00	"J6"	531355.54	4963946.65
1.00	"K2"	531303.87	4964152.71
2.00	"C2"	530838.63	4964144.14
2.00	"C3"	530854.68	4964107.98
2.00	"C4"	530888.28	4964055.50
2.00	"D2"	530885.44	4964170.81
2.00	"D3"	530898.22	4964123.11
2.00	"D5"	530951.84	4964034.51
2.00	"E2"	530924.02	4964194.83
2.00	"E4"	530972.42	4964109.16
2.00	"F2"	530966.36	4964213.28
2.00	"F3"	530996.45	4964179.90
2.00	"F4"	531021.07	4964141.09
2.00	"G2"	531007.39	4964237.40
2.00	"G3"	531033.58	4964199.47
2.00	"H3"	531075.84	4964224.62
2.00	"H4"	531101.77	4964182.59
2.00	"I4"	531148.60	4964204.49
2.00	"J3"	531165.92	4964273.51
2.00	"J4"	531198.62	4964220.10
2.00	"K2"	531182.34	4964346.44
2.00	"K3"	531208.72	4964299.62
3.00	"A2"	530648.07	4964272.13
3.00	"A3"	530673.44	4964233.79
3.00	"A4"	530699.86	4964184.41
3.00	"B3"	530712.14	4964254.34
3.00	"B4"	530741.43	4964213.70
3.00	"C2"	530728.09	4964332.48
3.00	"C3"	530756.45	4964285.71
3.00	"D3"	530803.15	4964307.99
3.00	"E2"	530823.95	4964376.21
3.00	"E3"	530837.80	4964342.48
3.00	"E4"	530866.09	4964290.53
3.00	"F3"	530883.83	4964359.42
3.00	"F4"	530911.88	4964314.05
3.00	"G3"	530926.59	4964380.51
3.00	"G4"	530952.18	4964339.06
3.00	"H2"	530948.67	4964451.50
3.00	"H3"	530971.01	4964408.36
3.00	"I2"	530988.01	4964479.33
3.00	"J3"	531058.38	4964457.82
3.00	"J4"	531085.88	4964416.96
4.00	"A10"	531826.52	4963601.60
4.00	"A2"	531431.12	4963599.70
4.00	"A4"	531527.68	4963599.46
4.00	"A5"	531578.36	4963599.66
4.00	"A7"	531679.82	4963605.73
4.00	"A8"	531728.62	4963600.59
4.00	"A9"	531777.39	4963598.77
4.00	"B10"	531831.11	4963551.82
4.00	"B2"	531429.46	4963551.52
4.00	"B3"	531483.40	4963554.57
4.00	"B5"	531585.80	4963552.22
4.00	"B6"	531627.27	4963549.76
4.00	"B8"	531728.50	4963551.15
4.00	"C4"	531530.84	4963506.72
4.00	"C7"	531680.10	4963509.98
4.00	"C8"	531730.50	4963510.37
4.00	"D10"	531827.28	4963464.74
4.00	"D2"	531432.24	4963457.68
4.00	"D4"	531531.49	4963455.85
4.00	"D6"	531629.68	4963458.50
5.00	"A3"	531405.09	4962405.20
5.00	"A7"	531517.20	4962569.49
5.00	"B2"	531331.42	4962384.07
5.00	"B3"	531357.86	4962426.64
5.00	"B4"	531383.44	4962466.97
5.00	"B6"	531437.58	4962552.66
5.00	"B7"	531465.29	4962594.56
5.00	"C2"	531285.63	4962402.95
5.00	"C6"	531394.84	4962563.12
5.00	"C8"	531452.22	4962648.27
5.00	"D3"	531268.85	4962470.97
5.00	"D4"	531296.40	4962513.31
5.00	"D5"	531324.27	4962554.33
5.00	"D7"	531376.99	4962638.79
5.00	"D8"	531405.01	4962681.26
5.00	"E2"	531200.78	4962453.64
5.00	"E3"	531231.16	4962496.22
5.00	"E5"	531287.86	4962576.71
5.00	"E6"	531316.29	4962617.06
5.00	"E8"	531367.51	4962685.95
6.00	"A3"	531089.08	4962594.95
6.00	"A5"	531146.63	4962678.33
6.00	"A6"	531173.39	4962718.45
6.00	"B2"	531017.74	4962580.06
6.00	"B3"	531044.51	4962621.18
6.00	"B6"	531123.99	4962747.65
6.00	"B7"	531154.24	4962788.89
6.00	"C2"	530974.30	4962605.29
6.00	"C3"	531000.11	4962645.96
6.00	"C5"	531058.84	4962731.45
6.00	"C6"	531081.39	4962776.77
6.00	"C7"	531108.16	4962816.89
6.00	"D2"	530930.77	4962630.08
6.00	"D3"	530962.75	4962671.11
6.00	"D4"	530989.53	4962710.34
6.00	"D5"	531017.14	4962754.46
6.00	"D7"	531073.60	4962836.05
6.00	"E3"	530917.93	4962701.99
6.00	"E5"	530972.87	4962785.79
6.00	"E6"	531000.67	4962826.59
7.00	"B2"	533211.58	4962447.16
7.00	"B3"	533166.27	4962478.82
7.00	"B5"	533082.35	4962529.71
7.00	"B6"	533041.04	4962550.37
7.00	"B7"	532999.32	4962576.71
7.00	"C3"	533145.73	4962428.05
7.00	"C4"	533103.99	4962456.27
7.00	"D5"	533034.34	4962439.25
7.00	"D7"	532946.55	4962490.34
7.00	"E3"	533092.56	4962344.24
7.00	"E5"	533008.32	4962393.46
7.00	"F2"	533111.65	4962274.13
7.00	"F3"	533068.51	4962298.57
7.00	"F4"	533027.40	4962327.47
7.00	"F6"	532941.98	4962379.68
8.00	"B1"	532030.36	4964901.40
8.00	"B2"	531981.18	4964903.27
8.00	"B3"	531931.21	4964906.46
8.00	"B4"	531881.41	4964907.55
8.00	"B5"	531831.29	4964910.41
8.00	"B6"	531786.38	4964913.41
8.00	"B7"	531737.52	4964915.62
8.00	"C1"	532027.28	4964852.73
8.00	"C2"	531977.80	4964851.93
8.00	"C3"	531926.72	4964855.01
8.00	"C5"	531828.86	4964858.41
8.00	"C6"	531778.02	4964861.38
8.00	"C7"	531730.23	4964866.72
8.00	"D5"	531829.32	4964814.20
8.00	"E4"	531869.89	4964762.19
8.00	"E5"	531820.72	4964761.17
8.00	"E6"	531769.95	4964765.25
8.00	"F5"	531815.13	4964708.60
8.00	"G5"	531814.98	4964661.27
8.00	"G6"	531765.16	4964665.25
9.00	"A7"	528331.76	4968174.53
9.00	"A8"	528297.62	4968211.03
9.00	"B4"	528391.56	4968032.04
9.00	"B5"	528357.90	4968068.33
9.00	"B7"	528292.16	4968142.57
9.00	"B8"	528258.82	4968179.54
9.00	"C4"	528355.44	4967998.66
9.00	"C5"	528322.64	4968038.52
9.00	"C6"	528288.99	4968074.14
9.00	"C7"	528255.01	4968112.09
9.00	"C8"	528225.21	4968151.72
9.00	"D4"	528316.79	4967967.61
9.00	"D5"	528286.93	4968004.25
9.00	"D6"	528250.41	4968041.97
9.00	"D8"	528186.66	4968115.67
9.00	"E4"	528278.85	4967936.46
9.00	"Z4"	528465.61	4968096.57
9.00	"Z5"	528435.03	4968134.55
9.00	"Z6"	528400.82	4968171.50
9.00	"Z8"	528337.53	4968243.86
